1734433864
1734513468
1734519865
1734575297
1734590255
1734599859
1734606262
1734661535
1734676591
1734686241
1734692656
1734747794
1734762915
1734772614
1734779047
1734834456
1734849322
1734859018
1734865445
1734920772
1734935827
1734945453
1734951857
1735007114
1735022180
1735031866
1735038258
1735093430
1735108580
1735118248
1735124663
1735179865
1735194987
1735204637
1735211060
1735266305
1735281376
1735291060
1735297471
1735352559
1735367721
1735377417
1735383862
1735439284
1735454136
1735463813
1735470261
1735525577
1735540619
1735550246
1735556666
1735611852
1735626976
1735636632
1735643064
1735698506
1735713415
1735723039
1735729457
1735784651
1735799787
1735809441
1735815867
1735871108
1735886184
1735895838
1735902257
1735957380
1735972524
1735982223
1735988667
1736044055
